(kicad_pcb (version 20171130) (host pcbnew "(5.0.0)")

  (general
    (thickness 1.6)
    (drawings 4)
    (tracks 0)
    (zones 0)
    (modules 61)
    (nets 102)
  )

  (page A4)
  (layers
    (0 F.Cu signal)
    (31 B.Cu signal)
    (32 B.Adhes user)
    (33 F.Adhes user)
    (34 B.Paste user)
    (35 F.Paste user)
    (36 B.SilkS user)
    (37 F.SilkS user hide)
    (38 B.Mask user)
    (39 F.Mask user)
    (40 Dwgs.User user)
    (41 Cmts.User user)
    (42 Eco1.User user)
    (43 Eco2.User user)
    (44 Edge.Cuts user)
    (45 Margin user)
    (46 B.CrtYd user)
    (47 F.CrtYd user)
    (48 B.Fab user)
    (49 F.Fab user)
  )

  (setup
    (last_trace_width 0.25)
    (trace_clearance 0.2)
    (zone_clearance 0.508)
    (zone_45_only no)
    (trace_min 0.2)
    (segment_width 0.2)
    (edge_width 0.1)
    (via_size 0.8)
    (via_drill 0.4)
    (via_min_size 0.4)
    (via_min_drill 0.3)
    (uvia_size 0.3)
    (uvia_drill 0.1)
    (uvias_allowed no)
    (uvia_min_size 0.2)
    (uvia_min_drill 0.1)
    (pcb_text_width 0.3)
    (pcb_text_size 1.5 1.5)
    (mod_edge_width 0.15)
    (mod_text_size 1 1)
    (mod_text_width 0.15)
    (pad_size 1.5 1.5)
    (pad_drill 0.6)
    (pad_to_mask_clearance 0)
    (aux_axis_origin 0 0)
    (visible_elements FFFFFF7F)
    (pcbplotparams
      (layerselection 0x010fc_ffffffff)
      (usegerberextensions false)
      (usegerberattributes false)
      (usegerberadvancedattributes false)
      (creategerberjobfile false)
      (excludeedgelayer true)
      (linewidth 0.100000)
      (plotframeref false)
      (viasonmask false)
      (mode 1)
      (useauxorigin false)
      (hpglpennumber 1)
      (hpglpenspeed 20)
      (hpglpendiameter 15.000000)
      (psnegative false)
      (psa4output false)
      (plotreference true)
      (plotvalue true)
      (plotinvisibletext false)
      (padsonsilk false)
      (subtractmaskfromsilk false)
      (outputformat 1)
      (mirror false)
      (drillshape 1)
      (scaleselection 1)
      (outputdirectory ""))
  )

  (net 0 "")
  (net 1 "Net-(Q3-Pad1)")
  (net 2 +6V)
  (net 3 GND)
  (net 4 MCUAVCC)
  (net 5 MCUVCC)
  (net 6 +5V)
  (net 7 SDA)
  (net 8 "Net-(IC1-Pad20)")
  (net 9 "Net-(IC1-Pad19)")
  (net 10 "Net-(IC1-Pad17)")
  (net 11 "Net-(IC1-Pad16)")
  (net 12 "Net-(IC1-Pad15)")
  (net 13 "Net-(IC1-Pad13)")
  (net 14 "Net-(IC1-Pad12)")
  (net 15 "Net-(IC1-Pad11)")
  (net 16 "Net-(IC1-Pad9)")
  (net 17 "Net-(IC1-Pad8)")
  (net 18 "Net-(IC1-Pad7)")
  (net 19 "Net-(IC1-Pad6)")
  (net 20 "Net-(IC1-Pad5)")
  (net 21 "Net-(IC1-Pad4)")
  (net 22 TX_PD3)
  (net 23 RX_PD2)
  (net 24 "Net-(IMU1-Pad2)")
  (net 25 SCL)
  (net 26 "Net-(IMU1-Pad8)")
  (net 27 "Net-(IMU1-Pad9)")
  (net 28 "Net-(IMU1-Pad7)")
  (net 29 USART_RX_PC2)
  (net 30 USART_TX_PC3)
  (net 31 "Net-(J1-Pad6)")
  (net 32 "Net-(J2-Pad1)")
  (net 33 "Net-(J3-Pad5)")
  (net 34 MISO)
  (net 35 MOSI)
  (net 36 SCLK)
  (net 37 CSB)
  (net 38 PDIDATA)
  (net 39 "Net-(J4-Pad3)")
  (net 40 "Net-(J4-Pad4)")
  (net 41 PDICLK)
  (net 42 "Net-(J14-Pad4)")
  (net 43 "Net-(J5-Pad2)")
  (net 44 "Net-(J6-Pad26)")
  (net 45 "Net-(J6-Pad25)")
  (net 46 "Net-(J6-Pad2)")
  (net 47 "Net-(J6-Pad24)")
  (net 48 "Net-(J6-Pad3)")
  (net 49 "Net-(J6-Pad23)")
  (net 50 "Net-(J6-Pad6)")
  (net 51 "Net-(J6-Pad7)")
  (net 52 "Net-(J16-Pad2)")
  (net 53 "Net-(J6-Pad16)")
  (net 54 "Net-(J6-Pad29)")
  (net 55 "Net-(J6-Pad27)")
  (net 56 "Net-(J6-Pad30)")
  (net 57 "Net-(J6-Pad28)")
  (net 58 TX_PD7)
  (net 59 RX_PD6)
  (net 60 "Net-(J14-Pad1)")
  (net 61 "Net-(J15-Pad4)")
  (net 62 "Net-(J15-Pad3)")
  (net 63 "Net-(J15-Pad2)")
  (net 64 "Net-(J15-Pad6)")
  (net 65 MoterRIN2)
  (net 66 "Net-(MCU1-Pad2)")
  (net 67 "Net-(MCU1-Pad3)")
  (net 68 MotorFIN1)
  (net 69 MoterRIN1)
  (net 70 "Net-(MCU1-Pad6)")
  (net 71 "Net-(MCU1-Pad7)")
  (net 72 TC_PD0)
  (net 73 Buzzer)
  (net 74 TCD1)
  (net 75 "Net-(MCU1-Pad25)")
  (net 76 PWM)
  (net 77 "Net-(MCU1-Pad29)")
  (net 78 cameraon)
  (net 79 INT)
  (net 80 "Net-(MCU1-Pad36)")
  (net 81 "Net-(MCU1-Pad37)")
  (net 82 Therm_ADCA0)
  (net 83 ADC_A1)
  (net 84 "Net-(MCU1-Pad42)")
  (net 85 "Net-(MCU1-Pad43)")
  (net 86 MotorFIN2)
  (net 87 "Net-(Q2-Pad1)")
  (net 88 "Net-(Q5-Pad1)")
  (net 89 "Net-(Q6-Pad1)")
  (net 90 "Net-(R1-Pad2)")
  (net 91 "Net-(U1-Pad1)")
  (net 92 "Net-(U1-Pad5)")
  (net 93 "Net-(U1-Pad4)")
  (net 94 "Net-(U2-Pad4)")
  (net 95 "Net-(U2-Pad16)")
  (net 96 "Net-(U2-Pad15)")
  (net 97 "Net-(U2-Pad14)")
  (net 98 "Net-(U2-Pad13)")
  (net 99 "Net-(U2-Pad12)")
  (net 100 "Net-(VR1-Pad4)")
  (net 101 +3V3)

  (net_class Default "This is the default net class."
    (clearance 0.2)
    (trace_width 0.25)
    (via_dia 0.8)
    (via_drill 0.4)
    (uvia_dia 0.3)
    (uvia_drill 0.1)
    (add_net +3V3)
    (add_net +5V)
    (add_net +6V)
    (add_net ADC_A1)
    (add_net Buzzer)
    (add_net CSB)
    (add_net GND)
    (add_net INT)
    (add_net MCUAVCC)
    (add_net MCUVCC)
    (add_net MISO)
    (add_net MOSI)
    (add_net MoterRIN1)
    (add_net MoterRIN2)
    (add_net MotorFIN1)
    (add_net MotorFIN2)
    (add_net "Net-(IC1-Pad11)")
    (add_net "Net-(IC1-Pad12)")
    (add_net "Net-(IC1-Pad13)")
    (add_net "Net-(IC1-Pad15)")
    (add_net "Net-(IC1-Pad16)")
    (add_net "Net-(IC1-Pad17)")
    (add_net "Net-(IC1-Pad19)")
    (add_net "Net-(IC1-Pad20)")
    (add_net "Net-(IC1-Pad4)")
    (add_net "Net-(IC1-Pad5)")
    (add_net "Net-(IC1-Pad6)")
    (add_net "Net-(IC1-Pad7)")
    (add_net "Net-(IC1-Pad8)")
    (add_net "Net-(IC1-Pad9)")
    (add_net "Net-(IMU1-Pad2)")
    (add_net "Net-(IMU1-Pad7)")
    (add_net "Net-(IMU1-Pad8)")
    (add_net "Net-(IMU1-Pad9)")
    (add_net "Net-(J1-Pad6)")
    (add_net "Net-(J14-Pad1)")
    (add_net "Net-(J14-Pad4)")
    (add_net "Net-(J15-Pad2)")
    (add_net "Net-(J15-Pad3)")
    (add_net "Net-(J15-Pad4)")
    (add_net "Net-(J15-Pad6)")
    (add_net "Net-(J16-Pad2)")
    (add_net "Net-(J2-Pad1)")
    (add_net "Net-(J3-Pad5)")
    (add_net "Net-(J4-Pad3)")
    (add_net "Net-(J4-Pad4)")
    (add_net "Net-(J5-Pad2)")
    (add_net "Net-(J6-Pad16)")
    (add_net "Net-(J6-Pad2)")
    (add_net "Net-(J6-Pad23)")
    (add_net "Net-(J6-Pad24)")
    (add_net "Net-(J6-Pad25)")
    (add_net "Net-(J6-Pad26)")
    (add_net "Net-(J6-Pad27)")
    (add_net "Net-(J6-Pad28)")
    (add_net "Net-(J6-Pad29)")
    (add_net "Net-(J6-Pad3)")
    (add_net "Net-(J6-Pad30)")
    (add_net "Net-(J6-Pad6)")
    (add_net "Net-(J6-Pad7)")
    (add_net "Net-(MCU1-Pad2)")
    (add_net "Net-(MCU1-Pad25)")
    (add_net "Net-(MCU1-Pad29)")
    (add_net "Net-(MCU1-Pad3)")
    (add_net "Net-(MCU1-Pad36)")
    (add_net "Net-(MCU1-Pad37)")
    (add_net "Net-(MCU1-Pad42)")
    (add_net "Net-(MCU1-Pad43)")
    (add_net "Net-(MCU1-Pad6)")
    (add_net "Net-(MCU1-Pad7)")
    (add_net "Net-(Q2-Pad1)")
    (add_net "Net-(Q3-Pad1)")
    (add_net "Net-(Q5-Pad1)")
    (add_net "Net-(Q6-Pad1)")
    (add_net "Net-(R1-Pad2)")
    (add_net "Net-(U1-Pad1)")
    (add_net "Net-(U1-Pad4)")
    (add_net "Net-(U1-Pad5)")
    (add_net "Net-(U2-Pad12)")
    (add_net "Net-(U2-Pad13)")
    (add_net "Net-(U2-Pad14)")
    (add_net "Net-(U2-Pad15)")
    (add_net "Net-(U2-Pad16)")
    (add_net "Net-(U2-Pad4)")
    (add_net "Net-(VR1-Pad4)")
    (add_net PDICLK)
    (add_net PDIDATA)
    (add_net PWM)
    (add_net RX_PD2)
    (add_net RX_PD6)
    (add_net SCL)
    (add_net SCLK)
    (add_net SDA)
    (add_net TCD1)
    (add_net TC_PD0)
    (add_net TX_PD3)
    (add_net TX_PD7)
    (add_net Therm_ADCA0)
    (add_net USART_RX_PC2)
    (add_net USART_TX_PC3)
    (add_net cameraon)
  )

  (module valkyrie_footprints:Buzzer (layer B.Cu) (tedit 5C950652) (tstamp 5E2356BB)
    (at 102.7684 47.5996 270)
    (path /5C872BCE)
    (fp_text reference buzzer1 (at 0 -0.5 270) (layer B.SilkS)
      (effects (font (size 1 1) (thickness 0.15)) (justify mirror))
    )
    (fp_text value buzzer_MAS803Q (at 0 0.5 270) (layer B.Fab)
      (effects (font (size 1 1) (thickness 0.15)) (justify mirror))
    )
    (fp_circle (center 0 0) (end 26 0) (layer B.Fab) (width 0.15))
    (fp_text user + (at -1.42 7.47 270) (layer B.SilkS)
      (effects (font (size 1 1) (thickness 0.15)) (justify mirror))
    )
    (fp_text user - (at -1.68 -7.33 270) (layer B.SilkS)
      (effects (font (size 1 1) (thickness 0.15)) (justify mirror))
    )
    (pad 1 thru_hole circle (at 0 -7.5 270) (size 1.524 1.524) (drill 1) (layers *.Cu *.Mask)
      (net 1 "Net-(Q3-Pad1)"))
    (pad 2 thru_hole circle (at 0 7.5 270) (size 1.524 1.524) (drill 1) (layers *.Cu *.Mask)
      (net 2 +6V))
  )

  (module Capacitor_Tantalum_SMD:CP_EIA-6032-15_Kemet-U (layer F.Cu) (tedit 5B301BBE) (tstamp 5E235857)
    (at 132.5372 68.4022 270)
    (descr "Tantalum Capacitor SMD Kemet-U (6032-15 Metric), IPC_7351 nominal, (Body size from: http://www.kemet.com/Lists/ProductCatalog/Attachments/253/KEM_TC101_STD.pdf), generated with kicad-footprint-generator")
    (tags "capacitor tantalum")
    (path /5C91AF5A)
    (attr smd)
    (fp_text reference C1 (at 0 -2.55 270) (layer F.SilkS)
      (effects (font (size 1 1) (thickness 0.15)))
    )
    (fp_text value 10uF (at 0 2.55 270) (layer F.Fab)
      (effects (font (size 1 1) (thickness 0.15)))
    )
    (fp_text user %R (at 0 0 270) (layer F.Fab)
      (effects (font (size 1 1) (thickness 0.15)))
    )
    (fp_line (start 3.75 1.85) (end -3.75 1.85) (layer F.CrtYd) (width 0.05))
    (fp_line (start 3.75 -1.85) (end 3.75 1.85) (layer F.CrtYd) (width 0.05))
    (fp_line (start -3.75 -1.85) (end 3.75 -1.85) (layer F.CrtYd) (width 0.05))
    (fp_line (start -3.75 1.85) (end -3.75 -1.85) (layer F.CrtYd) (width 0.05))
    (fp_line (start -3.76 1.71) (end 3 1.71) (layer F.SilkS) (width 0.12))
    (fp_line (start -3.76 -1.71) (end -3.76 1.71) (layer F.SilkS) (width 0.12))
    (fp_line (start 3 -1.71) (end -3.76 -1.71) (layer F.SilkS) (width 0.12))
    (fp_line (start 3 1.6) (end 3 -1.6) (layer F.Fab) (width 0.1))
    (fp_line (start -3 1.6) (end 3 1.6) (layer F.Fab) (width 0.1))
    (fp_line (start -3 -0.8) (end -3 1.6) (layer F.Fab) (width 0.1))
    (fp_line (start -2.2 -1.6) (end -3 -0.8) (layer F.Fab) (width 0.1))
    (fp_line (start 3 -1.6) (end -2.2 -1.6) (layer F.Fab) (width 0.1))
    (pad 2 smd roundrect (at 2.4625 0 270) (size 2.075 2.35) (layers F.Cu F.Paste F.Mask) (roundrect_rratio 0.120482)
      (net 3 GND))
    (pad 1 smd roundrect (at -2.4625 0 270) (size 2.075 2.35) (layers F.Cu F.Paste F.Mask) (roundrect_rratio 0.120482)
      (net 4 MCUAVCC))
    (model ${KISYS3DMOD}/Capacitor_Tantalum_SMD.3dshapes/CP_EIA-6032-15_Kemet-U.wrl
      (at (xyz 0 0 0))
      (scale (xyz 1 1 1))
      (rotate (xyz 0 0 0))
    )
  )

  (module Capacitor_SMD:C_0603_1608Metric (layer F.Cu) (tedit 5B301BBE) (tstamp 5E238734)
    (at 121.9835 69.215 90)
    (descr "Capacitor SMD 0603 (1608 Metric), square (rectangular) end terminal, IPC_7351 nominal, (Body size source: http://www.tortai-tech.com/upload/download/2011102023233369053.pdf), generated with kicad-footprint-generator")
    (tags capacitor)
    (path /5C832D42)
    (attr smd)
    (fp_text reference C2 (at 0 -1.43 90) (layer F.SilkS)
      (effects (font (size 1 1) (thickness 0.15)))
    )
    (fp_text value 100nF (at 0 1.43 90) (layer F.Fab)
      (effects (font (size 1 1) (thickness 0.15)))
    )
    (fp_line (start -0.8 0.4) (end -0.8 -0.4) (layer F.Fab) (width 0.1))
    (fp_line (start -0.8 -0.4) (end 0.8 -0.4) (layer F.Fab) (width 0.1))
    (fp_line (start 0.8 -0.4) (end 0.8 0.4) (layer F.Fab) (width 0.1))
    (fp_line (start 0.8 0.4) (end -0.8 0.4) (layer F.Fab) (width 0.1))
    (fp_line (start -0.162779 -0.51) (end 0.162779 -0.51) (layer F.SilkS) (width 0.12))
    (fp_line (start -0.162779 0.51) (end 0.162779 0.51) (layer F.SilkS) (width 0.12))
    (fp_line (start -1.48 0.73) (end -1.48 -0.73) (layer F.CrtYd) (width 0.05))
    (fp_line (start -1.48 -0.73) (end 1.48 -0.73) (layer F.CrtYd) (width 0.05))
    (fp_line (start 1.48 -0.73) (end 1.48 0.73) (layer F.CrtYd) (width 0.05))
    (fp_line (start 1.48 0.73) (end -1.48 0.73) (layer F.CrtYd) (width 0.05))
    (fp_text user %R (at 0 0 90) (layer F.Fab)
      (effects (font (size 0.4 0.4) (thickness 0.06)))
    )
    (pad 1 smd roundrect (at -0.7875 0 90) (size 0.875 0.95) (layers F.Cu F.Paste F.Mask) (roundrect_rratio 0.25)
      (net 3 GND))
    (pad 2 smd roundrect (at 0.7875 0 90) (size 0.875 0.95) (layers F.Cu F.Paste F.Mask) (roundrect_rratio 0.25)
      (net 4 MCUAVCC))
    (model ${KISYS3DMOD}/Capacitor_SMD.3dshapes/C_0603_1608Metric.wrl
      (at (xyz 0 0 0))
      (scale (xyz 1 1 1))
      (rotate (xyz 0 0 0))
    )
  )

  (module Capacitor_SMD:C_0603_1608Metric (layer F.Cu) (tedit 5B301BBE) (tstamp 5E2358EB)
    (at 77.2668 29.6545 90)
    (descr "Capacitor SMD 0603 (1608 Metric), square (rectangular) end terminal, IPC_7351 nominal, (Body size source: http://www.tortai-tech.com/upload/download/2011102023233369053.pdf), generated with kicad-footprint-generator")
    (tags capacitor)
    (path /5C942D04)
    (attr smd)
    (fp_text reference C3 (at 0 -1.43 90) (layer F.SilkS)
      (effects (font (size 1 1) (thickness 0.15)))
    )
    (fp_text value 5uF (at 0 1.43 90) (layer F.Fab)
      (effects (font (size 1 1) (thickness 0.15)))
    )
    (fp_line (start -0.8 0.4) (end -0.8 -0.4) (layer F.Fab) (width 0.1))
    (fp_line (start -0.8 -0.4) (end 0.8 -0.4) (layer F.Fab) (width 0.1))
    (fp_line (start 0.8 -0.4) (end 0.8 0.4) (layer F.Fab) (width 0.1))
    (fp_line (start 0.8 0.4) (end -0.8 0.4) (layer F.Fab) (width 0.1))
    (fp_line (start -0.162779 -0.51) (end 0.162779 -0.51) (layer F.SilkS) (width 0.12))
    (fp_line (start -0.162779 0.51) (end 0.162779 0.51) (layer F.SilkS) (width 0.12))
    (fp_line (start -1.48 0.73) (end -1.48 -0.73) (layer F.CrtYd) (width 0.05))
    (fp_line (start -1.48 -0.73) (end 1.48 -0.73) (layer F.CrtYd) (width 0.05))
    (fp_line (start 1.48 -0.73) (end 1.48 0.73) (layer F.CrtYd) (width 0.05))
    (fp_line (start 1.48 0.73) (end -1.48 0.73) (layer F.CrtYd) (width 0.05))
    (fp_text user %R (at 0 0 270) (layer F.Fab)
      (effects (font (size 0.4 0.4) (thickness 0.06)))
    )
    (pad 1 smd roundrect (at -0.7875 0 90) (size 0.875 0.95) (layers F.Cu F.Paste F.Mask) (roundrect_rratio 0.25)
      (net 2 +6V))
    (pad 2 smd roundrect (at 0.7875 0 90) (size 0.875 0.95) (layers F.Cu F.Paste F.Mask) (roundrect_rratio 0.25)
      (net 3 GND))
    (model ${KISYS3DMOD}/Capacitor_SMD.3dshapes/C_0603_1608Metric.wrl
      (at (xyz 0 0 0))
      (scale (xyz 1 1 1))
      (rotate (xyz 0 0 0))
    )
  )

  (module Capacitor_SMD:C_0603_1608Metric (layer F.Cu) (tedit 5B301BBE) (tstamp 5E23914A)
    (at 125.0061 69.7484)
    (descr "Capacitor SMD 0603 (1608 Metric), square (rectangular) end terminal, IPC_7351 nominal, (Body size source: http://www.tortai-tech.com/upload/download/2011102023233369053.pdf), generated with kicad-footprint-generator")
    (tags capacitor)
    (path /5C831F75)
    (attr smd)
    (fp_text reference C4 (at 0 -1.43) (layer F.SilkS)
      (effects (font (size 1 1) (thickness 0.15)))
    )
    (fp_text value 100nF (at 0 1.43) (layer F.Fab)
      (effects (font (size 1 1) (thickness 0.15)))
    )
    (fp_text user %R (at 0 0) (layer F.Fab)
      (effects (font (size 0.4 0.4) (thickness 0.06)))
    )
    (fp_line (start 1.48 0.73) (end -1.48 0.73) (layer F.CrtYd) (width 0.05))
    (fp_line (start 1.48 -0.73) (end 1.48 0.73) (layer F.CrtYd) (width 0.05))
    (fp_line (start -1.48 -0.73) (end 1.48 -0.73) (layer F.CrtYd) (width 0.05))
    (fp_line (start -1.48 0.73) (end -1.48 -0.73) (layer F.CrtYd) (width 0.05))
    (fp_line (start -0.162779 0.51) (end 0.162779 0.51) (layer F.SilkS) (width 0.12))
    (fp_line (start -0.162779 -0.51) (end 0.162779 -0.51) (layer F.SilkS) (width 0.12))
    (fp_line (start 0.8 0.4) (end -0.8 0.4) (layer F.Fab) (width 0.1))
    (fp_line (start 0.8 -0.4) (end 0.8 0.4) (layer F.Fab) (width 0.1))
    (fp_line (start -0.8 -0.4) (end 0.8 -0.4) (layer F.Fab) (width 0.1))
    (fp_line (start -0.8 0.4) (end -0.8 -0.4) (layer F.Fab) (width 0.1))
    (pad 2 smd roundrect (at 0.7875 0) (size 0.875 0.95) (layers F.Cu F.Paste F.Mask) (roundrect_rratio 0.25)
      (net 5 MCUVCC))
    (pad 1 smd roundrect (at -0.7875 0) (size 0.875 0.95) (layers F.Cu F.Paste F.Mask) (roundrect_rratio 0.25)
      (net 3 GND))
    (model ${KISYS3DMOD}/Capacitor_SMD.3dshapes/C_0603_1608Metric.wrl
      (at (xyz 0 0 0))
      (scale (xyz 1 1 1))
      (rotate (xyz 0 0 0))
    )
  )

  (module Capacitor_Tantalum_SMD:CP_EIA-6032-15_Kemet-U (layer F.Cu) (tedit 5B301BBE) (tstamp 5E23568F)
    (at 128.7018 68.4911 90)
    (descr "Tantalum Capacitor SMD Kemet-U (6032-15 Metric), IPC_7351 nominal, (Body size from: http://www.kemet.com/Lists/ProductCatalog/Attachments/253/KEM_TC101_STD.pdf), generated with kicad-footprint-generator")
    (tags "capacitor tantalum")
    (path /5C832A4C)
    (attr smd)
    (fp_text reference C5 (at 0 -2.55 90) (layer F.SilkS)
      (effects (font (size 1 1) (thickness 0.15)))
    )
    (fp_text value 10uF (at 0 2.55 90) (layer F.Fab)
      (effects (font (size 1 1) (thickness 0.15)))
    )
    (fp_line (start 3 -1.6) (end -2.2 -1.6) (layer F.Fab) (width 0.1))
    (fp_line (start -2.2 -1.6) (end -3 -0.8) (layer F.Fab) (width 0.1))
    (fp_line (start -3 -0.8) (end -3 1.6) (layer F.Fab) (width 0.1))
    (fp_line (start -3 1.6) (end 3 1.6) (layer F.Fab) (width 0.1))
    (fp_line (start 3 1.6) (end 3 -1.6) (layer F.Fab) (width 0.1))
    (fp_line (start 3 -1.71) (end -3.76 -1.71) (layer F.SilkS) (width 0.12))
    (fp_line (start -3.76 -1.71) (end -3.76 1.71) (layer F.SilkS) (width 0.12))
    (fp_line (start -3.76 1.71) (end 3 1.71) (layer F.SilkS) (width 0.12))
    (fp_line (start -3.75 1.85) (end -3.75 -1.85) (layer F.CrtYd) (width 0.05))
    (fp_line (start -3.75 -1.85) (end 3.75 -1.85) (layer F.CrtYd) (width 0.05))
    (fp_line (start 3.75 -1.85) (end 3.75 1.85) (layer F.CrtYd) (width 0.05))
    (fp_line (start 3.75 1.85) (end -3.75 1.85) (layer F.CrtYd) (width 0.05))
    (fp_text user %R (at 0 0 90) (layer F.Fab)
      (effects (font (size 1 1) (thickness 0.15)))
    )
    (pad 1 smd roundrect (at -2.4625 0 90) (size 2.075 2.35) (layers F.Cu F.Paste F.Mask) (roundrect_rratio 0.120482)
      (net 5 MCUVCC))
    (pad 2 smd roundrect (at 2.4625 0 90) (size 2.075 2.35) (layers F.Cu F.Paste F.Mask) (roundrect_rratio 0.120482)
      (net 3 GND))
    (model ${KISYS3DMOD}/Capacitor_Tantalum_SMD.3dshapes/CP_EIA-6032-15_Kemet-U.wrl
      (at (xyz 0 0 0))
      (scale (xyz 1 1 1))
      (rotate (xyz 0 0 0))
    )
  )

  (module Capacitor_SMD:C_0603_1608Metric (layer F.Cu) (tedit 5B301BBE) (tstamp 5E23562D)
    (at 77.216 26.4541 270)
    (descr "Capacitor SMD 0603 (1608 Metric), square (rectangular) end terminal, IPC_7351 nominal, (Body size source: http://www.tortai-tech.com/upload/download/2011102023233369053.pdf), generated with kicad-footprint-generator")
    (tags capacitor)
    (path /5C942C84)
    (attr smd)
    (fp_text reference C6 (at 0 -1.43 270) (layer F.SilkS)
      (effects (font (size 1 1) (thickness 0.15)))
    )
    (fp_text value 10uF (at 0 1.43 270) (layer F.Fab)
      (effects (font (size 1 1) (thickness 0.15)))
    )
    (fp_line (start -0.8 0.4) (end -0.8 -0.4) (layer F.Fab) (width 0.1))
    (fp_line (start -0.8 -0.4) (end 0.8 -0.4) (layer F.Fab) (width 0.1))
    (fp_line (start 0.8 -0.4) (end 0.8 0.4) (layer F.Fab) (width 0.1))
    (fp_line (start 0.8 0.4) (end -0.8 0.4) (layer F.Fab) (width 0.1))
    (fp_line (start -0.162779 -0.51) (end 0.162779 -0.51) (layer F.SilkS) (width 0.12))
    (fp_line (start -0.162779 0.51) (end 0.162779 0.51) (layer F.SilkS) (width 0.12))
    (fp_line (start -1.48 0.73) (end -1.48 -0.73) (layer F.CrtYd) (width 0.05))
    (fp_line (start -1.48 -0.73) (end 1.48 -0.73) (layer F.CrtYd) (width 0.05))
    (fp_line (start 1.48 -0.73) (end 1.48 0.73) (layer F.CrtYd) (width 0.05))
    (fp_line (start 1.48 0.73) (end -1.48 0.73) (layer F.CrtYd) (width 0.05))
    (fp_text user %R (at 0 0 270) (layer F.Fab)
      (effects (font (size 0.4 0.4) (thickness 0.06)))
    )
    (pad 1 smd roundrect (at -0.7875 0 270) (size 0.875 0.95) (layers F.Cu F.Paste F.Mask) (roundrect_rratio 0.25)
      (net 6 +5V))
    (pad 2 smd roundrect (at 0.7875 0 270) (size 0.875 0.95) (layers F.Cu F.Paste F.Mask) (roundrect_rratio 0.25)
      (net 3 GND))
    (model ${KISYS3DMOD}/Capacitor_SMD.3dshapes/C_0603_1608Metric.wrl
      (at (xyz 0 0 0))
      (scale (xyz 1 1 1))
      (rotate (xyz 0 0 0))
    )
  )

  (module Capacitor_SMD:C_0603_1608Metric (layer F.Cu) (tedit 5B301BBE) (tstamp 5E2357C5)
    (at 79.375 56.9594 270)
    (descr "Capacitor SMD 0603 (1608 Metric), square (rectangular) end terminal, IPC_7351 nominal, (Body size source: http://www.tortai-tech.com/upload/download/2011102023233369053.pdf), generated with kicad-footprint-generator")
    (tags capacitor)
    (path /5C8CCD0D)
    (attr smd)
    (fp_text reference C7 (at 0 -1.43 270) (layer F.SilkS)
      (effects (font (size 1 1) (thickness 0.15)))
    )
    (fp_text value 1uF (at 0 1.43 270) (layer F.Fab)
      (effects (font (size 1 1) (thickness 0.15)))
    )
    (fp_line (start -0.8 0.4) (end -0.8 -0.4) (layer F.Fab) (width 0.1))
    (fp_line (start -0.8 -0.4) (end 0.8 -0.4) (layer F.Fab) (width 0.1))
    (fp_line (start 0.8 -0.4) (end 0.8 0.4) (layer F.Fab) (width 0.1))
    (fp_line (start 0.8 0.4) (end -0.8 0.4) (layer F.Fab) (width 0.1))
    (fp_line (start -0.162779 -0.51) (end 0.162779 -0.51) (layer F.SilkS) (width 0.12))
    (fp_line (start -0.162779 0.51) (end 0.162779 0.51) (layer F.SilkS) (width 0.12))
    (fp_line (start -1.48 0.73) (end -1.48 -0.73) (layer F.CrtYd) (width 0.05))
    (fp_line (start -1.48 -0.73) (end 1.48 -0.73) (layer F.CrtYd) (width 0.05))
    (fp_line (start 1.48 -0.73) (end 1.48 0.73) (layer F.CrtYd) (width 0.05))
    (fp_line (start 1.48 0.73) (end -1.48 0.73) (layer F.CrtYd) (width 0.05))
    (fp_text user %R (at 0 0 270) (layer F.Fab)
      (effects (font (size 0.4 0.4) (thickness 0.06)))
    )
    (pad 1 smd roundrect (at -0.7875 0 270) (size 0.875 0.95) (layers F.Cu F.Paste F.Mask) (roundrect_rratio 0.25)
      (net 6 +5V))
    (pad 2 smd roundrect (at 0.7875 0 270) (size 0.875 0.95) (layers F.Cu F.Paste F.Mask) (roundrect_rratio 0.25)
      (net 3 GND))
    (model ${KISYS3DMOD}/Capacitor_SMD.3dshapes/C_0603_1608Metric.wrl
      (at (xyz 0 0 0))
      (scale (xyz 1 1 1))
      (rotate (xyz 0 0 0))
    )
  )

  (module Capacitor_SMD:C_0603_1608Metric (layer F.Cu) (tedit 5B301BBE) (tstamp 5E2358BB)
    (at 136.9187 78.9432 90)
    (descr "Capacitor SMD 0603 (1608 Metric), square (rectangular) end terminal, IPC_7351 nominal, (Body size source: http://www.tortai-tech.com/upload/download/2011102023233369053.pdf), generated with kicad-footprint-generator")
    (tags capacitor)
    (path /5C85D54F)
    (attr smd)
    (fp_text reference C8 (at 0 -1.43 90) (layer F.SilkS)
      (effects (font (size 1 1) (thickness 0.15)))
    )
    (fp_text value 1uF (at 0 1.43 90) (layer F.Fab)
      (effects (font (size 1 1) (thickness 0.15)))
    )
    (fp_line (start -0.8 0.4) (end -0.8 -0.4) (layer F.Fab) (width 0.1))
    (fp_line (start -0.8 -0.4) (end 0.8 -0.4) (layer F.Fab) (width 0.1))
    (fp_line (start 0.8 -0.4) (end 0.8 0.4) (layer F.Fab) (width 0.1))
    (fp_line (start 0.8 0.4) (end -0.8 0.4) (layer F.Fab) (width 0.1))
    (fp_line (start -0.162779 -0.51) (end 0.162779 -0.51) (layer F.SilkS) (width 0.12))
    (fp_line (start -0.162779 0.51) (end 0.162779 0.51) (layer F.SilkS) (width 0.12))
    (fp_line (start -1.48 0.73) (end -1.48 -0.73) (layer F.CrtYd) (width 0.05))
    (fp_line (start -1.48 -0.73) (end 1.48 -0.73) (layer F.CrtYd) (width 0.05))
    (fp_line (start 1.48 -0.73) (end 1.48 0.73) (layer F.CrtYd) (width 0.05))
    (fp_line (start 1.48 0.73) (end -1.48 0.73) (layer F.CrtYd) (width 0.05))
    (fp_text user %R (at 0 0 90) (layer F.Fab)
      (effects (font (size 0.4 0.4) (thickness 0.06)))
    )
    (pad 1 smd roundrect (at -0.7875 0 90) (size 0.875 0.95) (layers F.Cu F.Paste F.Mask) (roundrect_rratio 0.25)
      (net 3 GND))
    (pad 2 smd roundrect (at 0.7875 0 90) (size 0.875 0.95) (layers F.Cu F.Paste F.Mask) (roundrect_rratio 0.25)
      (net 101 +3V3))
    (model ${KISYS3DMOD}/Capacitor_SMD.3dshapes/C_0603_1608Metric.wrl
      (at (xyz 0 0 0))
      (scale (xyz 1 1 1))
      (rotate (xyz 0 0 0))
    )
  )

  (module Capacitor_SMD:C_0603_1608Metric (layer F.Cu) (tedit 5B301BBE) (tstamp 5E23588B)
    (at 85.1154 56.807 90)
    (descr "Capacitor SMD 0603 (1608 Metric), square (rectangular) end terminal, IPC_7351 nominal, (Body size source: http://www.tortai-tech.com/upload/download/2011102023233369053.pdf), generated with kicad-footprint-generator")
    (tags capacitor)
    (path /5C8D2081)
    (attr smd)
    (fp_text reference C9 (at 0 -1.43 90) (layer F.SilkS)
      (effects (font (size 1 1) (thickness 0.15)))
    )
    (fp_text value 50uF (at 0 1.43 90) (layer F.Fab)
      (effects (font (size 1 1) (thickness 0.15)))
    )
    (fp_text user %R (at 0 0 90) (layer F.Fab)
      (effects (font (size 0.4 0.4) (thickness 0.06)))
    )
    (fp_line (start 1.48 0.73) (end -1.48 0.73) (layer F.CrtYd) (width 0.05))
    (fp_line (start 1.48 -0.73) (end 1.48 0.73) (layer F.CrtYd) (width 0.05))
    (fp_line (start -1.48 -0.73) (end 1.48 -0.73) (layer F.CrtYd) (width 0.05))
    (fp_line (start -1.48 0.73) (end -1.48 -0.73) (layer F.CrtYd) (width 0.05))
    (fp_line (start -0.162779 0.51) (end 0.162779 0.51) (layer F.SilkS) (width 0.12))
    (fp_line (start -0.162779 -0.51) (end 0.162779 -0.51) (layer F.SilkS) (width 0.12))
    (fp_line (start 0.8 0.4) (end -0.8 0.4) (layer F.Fab) (width 0.1))
    (fp_line (start 0.8 -0.4) (end 0.8 0.4) (layer F.Fab) (width 0.1))
    (fp_line (start -0.8 -0.4) (end 0.8 -0.4) (layer F.Fab) (width 0.1))
    (fp_line (start -0.8 0.4) (end -0.8 -0.4) (layer F.Fab) (width 0.1))
    (pad 2 smd roundrect (at 0.7875 0 90) (size 0.875 0.95) (layers F.Cu F.Paste F.Mask) (roundrect_rratio 0.25)
      (net 101 +3V3))
    (pad 1 smd roundrect (at -0.7875 0 90) (size 0.875 0.95) (layers F.Cu F.Paste F.Mask) (roundrect_rratio 0.25)
      (net 3 GND))
    (model ${KISYS3DMOD}/Capacitor_SMD.3dshapes/C_0603_1608Metric.wrl
      (at (xyz 0 0 0))
      (scale (xyz 1 1 1))
      (rotate (xyz 0 0 0))
    )
  )

  (module Capacitor_SMD:C_0603_1608Metric (layer F.Cu) (tedit 5B301BBE) (tstamp 5E2357F5)
    (at 128.4732 123.5075)
    (descr "Capacitor SMD 0603 (1608 Metric), square (rectangular) end terminal, IPC_7351 nominal, (Body size source: http://www.tortai-tech.com/upload/download/2011102023233369053.pdf), generated with kicad-footprint-generator")
    (tags capacitor)
    (path /5DE4E3B5)
    (attr smd)
    (fp_text reference C10 (at 0 -1.43) (layer F.SilkS)
      (effects (font (size 1 1) (thickness 0.15)))
    )
    (fp_text value 100nF (at 0 1.43) (layer F.Fab)
      (effects (font (size 1 1) (thickness 0.15)))
    )
    (fp_text user %R (at 0 0) (layer F.Fab)
      (effects (font (size 0.4 0.4) (thickness 0.06)))
    )
    (fp_line (start 1.48 0.73) (end -1.48 0.73) (layer F.CrtYd) (width 0.05))
    (fp_line (start 1.48 -0.73) (end 1.48 0.73) (layer F.CrtYd) (width 0.05))
    (fp_line (start -1.48 -0.73) (end 1.48 -0.73) (layer F.CrtYd) (width 0.05))
    (fp_line (start -1.48 0.73) (end -1.48 -0.73) (layer F.CrtYd) (width 0.05))
    (fp_line (start -0.162779 0.51) (end 0.162779 0.51) (layer F.SilkS) (width 0.12))
    (fp_line (start -0.162779 -0.51) (end 0.162779 -0.51) (layer F.SilkS) (width 0.12))
    (fp_line (start 0.8 0.4) (end -0.8 0.4) (layer F.Fab) (width 0.1))
    (fp_line (start 0.8 -0.4) (end 0.8 0.4) (layer F.Fab) (width 0.1))
    (fp_line (start -0.8 -0.4) (end 0.8 -0.4) (layer F.Fab) (width 0.1))
    (fp_line (start -0.8 0.4) (end -0.8 -0.4) (layer F.Fab) (width 0.1))
    (pad 2 smd roundrect (at 0.7875 0) (size 0.875 0.95) (layers F.Cu F.Paste F.Mask) (roundrect_rratio 0.25)
      (net 101 +3V3))
    (pad 1 smd roundrect (at -0.7875 0) (size 0.875 0.95) (layers F.Cu F.Paste F.Mask) (roundrect_rratio 0.25)
      (net 3 GND))
    (model ${KISYS3DMOD}/Capacitor_SMD.3dshapes/C_0603_1608Metric.wrl
      (at (xyz 0 0 0))
      (scale (xyz 1 1 1))
      (rotate (xyz 0 0 0))
    )
  )

  (module Capacitor_SMD:C_0603_1608Metric (layer F.Cu) (tedit 5B301BBE) (tstamp 5E235795)
    (at 113.26368 79.13878)
    (descr "Capacitor SMD 0603 (1608 Metric), square (rectangular) end terminal, IPC_7351 nominal, (Body size source: http://www.tortai-tech.com/upload/download/2011102023233369053.pdf), generated with kicad-footprint-generator")
    (tags capacitor)
    (path /5C9EDA03)
    (attr smd)
    (fp_text reference C14 (at 0 -1.43) (layer F.SilkS)
      (effects (font (size 1 1) (thickness 0.15)))
    )
    (fp_text value 5uF (at 0 1.43) (layer F.Fab)
      (effects (font (size 1 1) (thickness 0.15)))
    )
    (fp_text user %R (at 0 0) (layer F.Fab)
      (effects (font (size 0.4 0.4) (thickness 0.06)))
    )
    (fp_line (start 1.48 0.73) (end -1.48 0.73) (layer F.CrtYd) (width 0.05))
    (fp_line (start 1.48 -0.73) (end 1.48 0.73) (layer F.CrtYd) (width 0.05))
    (fp_line (start -1.48 -0.73) (end 1.48 -0.73) (layer F.CrtYd) (width 0.05))
    (fp_line (start -1.48 0.73) (end -1.48 -0.73) (layer F.CrtYd) (width 0.05))
    (fp_line (start -0.162779 0.51) (end 0.162779 0.51) (layer F.SilkS) (width 0.12))
    (fp_line (start -0.162779 -0.51) (end 0.162779 -0.51) (layer F.SilkS) (width 0.12))
    (fp_line (start 0.8 0.4) (end -0.8 0.4) (layer F.Fab) (width 0.1))
    (fp_line (start 0.8 -0.4) (end 0.8 0.4) (layer F.Fab) (width 0.1))
    (fp_line (start -0.8 -0.4) (end 0.8 -0.4) (layer F.Fab) (width 0.1))
    (fp_line (start -0.8 0.4) (end -0.8 -0.4) (layer F.Fab) (width 0.1))
    (pad 2 smd roundrect (at 0.7875 0) (size 0.875 0.95) (layers F.Cu F.Paste F.Mask) (roundrect_rratio 0.25)
      (net 101 +3V3))
    (pad 1 smd roundrect (at -0.7875 0) (size 0.875 0.95) (layers F.Cu F.Paste F.Mask) (roundrect_rratio 0.25)
      (net 3 GND))
    (model ${KISYS3DMOD}/Capacitor_SMD.3dshapes/C_0603_1608Metric.wrl
      (at (xyz 0 0 0))
      (scale (xyz 1 1 1))
      (rotate (xyz 0 0 0))
    )
  )

  (module valkyrie_footprints:XBP9BXCWT001 (layer F.Cu) (tedit 5C96A7FA) (tstamp 5E235727)
    (at 140.462 78.0288)
    (descr XBP9B-XCWT-001-2)
    (tags "Integrated Circuit")
    (path /5C847A31)
    (fp_text reference IC1 (at 25.146 9.398 270) (layer F.SilkS)
      (effects (font (size 1.27 1.27) (thickness 0.254)))
    )
    (fp_text value XBP9B-XCWT-001 (at 10.795 8.78) (layer F.SilkS) hide
      (effects (font (size 1.27 1.27) (thickness 0.254)))
    )
    (fp_arc (start -1.55 0) (end -1.6 0) (angle 180) (layer F.SilkS) (width 0.1))
    (fp_arc (start -1.55 0) (end -1.5 0) (angle 180) (layer F.SilkS) (width 0.1))
    (fp_line (start -1.6 0) (end -1.6 0) (layer F.SilkS) (width 0.1))
    (fp_line (start -1.5 0) (end -1.5 0) (layer F.SilkS) (width 0.1))
    (fp_line (start 6.5 -7.72) (end -1.19 -1.19) (layer F.SilkS) (width 0.1))
    (fp_line (start 15.5 -7.72) (end 6.5 -7.72) (layer F.SilkS) (width 0.1))
    (fp_line (start 23.19 -1.19) (end 15.5 -7.72) (layer F.SilkS) (width 0.1))
    (fp_line (start 23.19 25.28) (end 23.19 -1.19) (layer F.SilkS) (width 0.1))
    (fp_line (start -1.19 25.28) (end 23.19 25.28) (layer F.SilkS) (width 0.1))
    (fp_line (start -1.19 -1.19) (end -1.19 25.28) (layer F.SilkS) (width 0.1))
    (fp_line (start 6.5 -7.72) (end -1.19 -1.19) (layer Dwgs.User) (width 0.2))
    (fp_line (start 15.5 -7.72) (end 6.5 -7.72) (layer Dwgs.User) (width 0.2))
    (fp_line (start 23.19 -1.19) (end 15.5 -7.72) (layer Dwgs.User) (width 0.2))
    (fp_line (start 23.19 25.28) (end 23.19 -1.19) (layer Dwgs.User) (width 0.2))
    (fp_line (start -1.19 25.28) (end 23.19 25.28) (layer Dwgs.User) (width 0.2))
    (fp_line (start -1.19 -1.19) (end -1.19 25.28) (layer Dwgs.User) (width 0.2))
    (fp_line (start -2.6 26.28) (end -2.6 -8.72) (layer Dwgs.User) (width 0.1))
    (fp_line (start 24.19 26.28) (end -2.6 26.28) (layer Dwgs.User) (width 0.1))
    (fp_line (start 24.19 -8.72) (end 24.19 26.28) (layer Dwgs.User) (width 0.1))
    (fp_line (start -2.6 -8.72) (end 24.19 -8.72) (layer Dwgs.User) (width 0.1))
    (fp_line (start 0.75 0) (end 0.75 25.25) (layer F.Fab) (width 0.15))
    (fp_line (start 0.75 25.25) (end 21.75 25.25) (layer F.Fab) (width 0.15))
    (fp_line (start 21.75 25.25) (end 21.5 0) (layer F.Fab) (width 0.15))
    (fp_line (start 21.5 0) (end 0.75 0) (layer F.Fab) (width 0.15))
    (pad 20 thru_hole circle (at 21.99 0.06 90) (size 1.431 1.431) (drill 0.92) (layers *.Cu *.Mask)
      (net 8 "Net-(IC1-Pad20)"))
    (pad 19 thru_hole circle (at 21.99 2.06 90) (size 1.431 1.431) (drill 0.92) (layers *.Cu *.Mask)
      (net 9 "Net-(IC1-Pad19)"))
    (pad 18 thru_hole circle (at 21.99 4.06 90) (size 1.431 1.431) (drill 0.92) (layers *.Cu *.Mask))
    (pad 17 thru_hole circle (at 21.99 6.06 90) (size 1.431 1.431) (drill 0.92) (layers *.Cu *.Mask)
      (net 10 "Net-(IC1-Pad17)"))
    (pad 16 thru_hole circle (at 21.99 8.06 90) (size 1.431 1.431) (drill 0.92) (layers *.Cu *.Mask)
      (net 11 "Net-(IC1-Pad16)"))
    (pad 15 thru_hole circle (at 21.99 10.06 90) (size 1.431 1.431) (drill 0.92) (layers *.Cu *.Mask)
      (net 12 "Net-(IC1-Pad15)"))
    (pad 14 thru_hole circle (at 21.99 12.06 90) (size 1.431 1.431) (drill 0.92) (layers *.Cu *.Mask)
      (net 3 GND))
    (pad 13 thru_hole circle (at 21.99 14.06 90) (size 1.431 1.431) (drill 0.92) (layers *.Cu *.Mask)
      (net 13 "Net-(IC1-Pad13)"))
    (pad 12 thru_hole circle (at 21.99 16.06 90) (size 1.431 1.431) (drill 0.92) (layers *.Cu *.Mask)
      (net 14 "Net-(IC1-Pad12)"))
    (pad 11 thru_hole circle (at 21.99 18.06 90) (size 1.431 1.431) (drill 0.92) (layers *.Cu *.Mask)
      (net 15 "Net-(IC1-Pad11)"))
    (pad 10 thru_hole circle (at -0.01 18.06 90) (size 1.431 1.431) (drill 0.92) (layers *.Cu *.Mask)
      (net 3 GND))
    (pad 9 thru_hole circle (at -0.01 16.06 90) (size 1.431 1.431) (drill 0.92) (layers *.Cu *.Mask)
      (net 16 "Net-(IC1-Pad9)"))
    (pad 8 thru_hole circle (at -0.01 14.06 90) (size 1.431 1.431) (drill 0.92) (layers *.Cu *.Mask)
      (net 17 "Net-(IC1-Pad8)"))
    (pad 7 thru_hole circle (at -0.01 12.06 90) (size 1.431 1.431) (drill 0.92) (layers *.Cu *.Mask)
      (net 18 "Net-(IC1-Pad7)"))
    (pad 6 thru_hole circle (at -0.01 10.06 90) (size 1.431 1.431) (drill 0.92) (layers *.Cu *.Mask)
      (net 19 "Net-(IC1-Pad6)"))
    (pad 5 thru_hole circle (at -0.01 8.06 90) (size 1.431 1.431) (drill 0.92) (layers *.Cu *.Mask)
      (net 20 "Net-(IC1-Pad5)"))
    (pad 4 thru_hole circle (at -0.01 6.06 90) (size 1.431 1.431) (drill 0.92) (layers *.Cu *.Mask)
      (net 21 "Net-(IC1-Pad4)"))
    (pad 3 thru_hole circle (at -0.01 4.06 90) (size 1.431 1.431) (drill 0.92) (layers *.Cu *.Mask)
      (net 22 TX_PD3))
    (pad 2 thru_hole circle (at -0.01 2.06 90) (size 1.431 1.431) (drill 0.92) (layers *.Cu *.Mask)
      (net 23 RX_PD2))
    (pad 1 thru_hole circle (at -0.01 0.06 90) (size 1.431 1.431) (drill 0.92) (layers *.Cu *.Mask)
      (net 101 +3V3))
  )

  (module valkyrie_footprints:BNO055breakout (layer F.Cu) (tedit 5C911816) (tstamp 5E2356DA)
    (at 103.759 101.35108 90)
    (descr "Through hole straight socket strip, 1x06, 2.54mm pitch, single row (from Kicad 4.0.7), script generated")
    (tags "Through hole socket strip THT 1x06 2.54mm single row")
    (path /5C8A05A8)
    (fp_text reference IMU1 (at 0 4.215 90) (layer F.SilkS)
      (effects (font (size 1 1) (thickness 0.15)))
    )
    (fp_text value BN0055breakout (at 0 22.455 90) (layer F.Fab)
      (effects (font (size 1 1) (thickness 0.15)))
    )
    (fp_text user %R (at 0 13.335 180) (layer F.Fab)
      (effects (font (size 1 1) (thickness 0.15)))
    )
    (fp_text user %R (at 17.78 15.875) (layer F.Fab)
      (effects (font (size 1 1) (thickness 0.15)))
    )
    (pad 1 thru_hole rect (at 0 6.985 90) (size 1.7 1.7) (drill 1) (layers *.Cu *.Mask)
      (net 101 +3V3))
    (pad 2 thru_hole oval (at 0 9.525 90) (size 1.7 1.7) (drill 1) (layers *.Cu *.Mask)
      (net 24 "Net-(IMU1-Pad2)"))
    (pad 3 thru_hole oval (at 0 12.065 90) (size 1.7 1.7) (drill 1) (layers *.Cu *.Mask)
      (net 3 GND))
    (pad 4 thru_hole oval (at 0 14.605 90) (size 1.7 1.7) (drill 1) (layers *.Cu *.Mask)
      (net 7 SDA))
    (pad 5 thru_hole oval (at 0 17.145 90) (size 1.7 1.7) (drill 1) (layers *.Cu *.Mask)
      (net 25 SCL))
    (pad 6 thru_hole oval (at 0 19.685 90) (size 1.7 1.7) (drill 1) (layers *.Cu *.Mask)
      (net 3 GND))
    (pad 8 thru_hole oval (at 17.78 12.065 270) (size 1.7 1.7) (drill 1) (layers *.Cu *.Mask)
      (net 26 "Net-(IMU1-Pad8)"))
    (pad 9 thru_hole oval (at 17.78 14.605 270) (size 1.7 1.7) (drill 1) (layers *.Cu *.Mask)
      (net 27 "Net-(IMU1-Pad9)"))
    (pad 7 thru_hole oval (at 17.78 9.525 270) (size 1.7 1.7) (drill 1) (layers *.Cu *.Mask)
      (net 28 "Net-(IMU1-Pad7)"))
    (pad 10 thru_hole oval (at 17.78 17.145 270) (size 1.7 1.7) (drill 1) (layers *.Cu *.Mask)
      (net 3 GND))
    (model ${KISYS3DMOD}/Connector_PinSocket_2.54mm.3dshapes/PinSocket_1x06_P2.54mm_Vertical.wrl
      (at (xyz 0 0 0))
      (scale (xyz 1 1 1))
      (rotate (xyz 0 0 0))
    )
  )

  (module valkyrie_footprints:PinHeader_1x06_P2.54mm_Vertical (layer F.Cu) (tedit 59FED5CC) (tstamp 5E235E25)
    (at 79.8449 52.0954 180)
    (descr "Through hole straight pin header, 1x06, 2.54mm pitch, single row")
    (tags "Through hole pin header THT 1x06 2.54mm single row")
    (path /5C83CABD)
    (fp_text reference J1 (at 0 -2.33 180) (layer F.SilkS)
      (effects (font (size 1 1) (thickness 0.15)))
    )
    (fp_text value OpenlogBreakout (at 0 15.03 180) (layer F.Fab)
      (effects (font (size 1 1) (thickness 0.15)))
    )
    (fp_line (start -0.635 -1.27) (end 1.27 -1.27) (layer F.Fab) (width 0.1))
    (fp_line (start 1.27 -1.27) (end 1.27 13.97) (layer F.Fab) (width 0.1))
    (fp_line (start 1.27 13.97) (end -1.27 13.97) (layer F.Fab) (width 0.1))
    (fp_line (start -1.27 13.97) (end -1.27 -0.635) (layer F.Fab) (width 0.1))
    (fp_line (start -1.27 -0.635) (end -0.635 -1.27) (layer F.Fab) (width 0.1))
    (fp_line (start -1.33 14.03) (end 1.33 14.03) (layer F.SilkS) (width 0.12))
    (fp_line (start -1.33 1.27) (end -1.33 14.03) (layer F.SilkS) (width 0.12))
    (fp_line (start 1.33 1.27) (end 1.33 14.03) (layer F.SilkS) (width 0.12))
    (fp_line (start -1.33 1.27) (end 1.33 1.27) (layer F.SilkS) (width 0.12))
    (fp_line (start -1.33 0) (end -1.33 -1.33) (layer F.SilkS) (width 0.12))
    (fp_line (start -1.33 -1.33) (end 0 -1.33) (layer F.SilkS) (width 0.12))
    (fp_line (start -1.8 -1.8) (end -1.8 14.5) (layer F.CrtYd) (width 0.05))
    (fp_line (start -1.8 14.5) (end 1.8 14.5) (layer F.CrtYd) (width 0.05))
    (fp_line (start 1.8 14.5) (end 1.8 -1.8) (layer F.CrtYd) (width 0.05))
    (fp_line (start 1.8 -1.8) (end -1.8 -1.8) (layer F.CrtYd) (width 0.05))
    (fp_text user %R (at 0 6.35 270) (layer F.Fab)
      (effects (font (size 1 1) (thickness 0.15)))
    )
    (pad 1 thru_hole rect (at 0 0 180) (size 1.7 1.7) (drill 1) (layers *.Cu *.Mask)
      (net 3 GND))
    (pad 2 thru_hole oval (at 0 2.54 180) (size 1.7 1.7) (drill 1) (layers *.Cu *.Mask)
      (net 3 GND))
    (pad 3 thru_hole oval (at 0 5.08 180) (size 1.7 1.7) (drill 1) (layers *.Cu *.Mask)
      (net 101 +3V3))
    (pad 4 thru_hole oval (at 0 7.62 180) (size 1.7 1.7) (drill 1) (layers *.Cu *.Mask)
      (net 29 USART_RX_PC2))
    (pad 5 thru_hole oval (at 0 10.16 180) (size 1.7 1.7) (drill 1) (layers *.Cu *.Mask)
      (net 30 USART_TX_PC3))
    (pad 6 thru_hole oval (at 0 12.7 180) (size 1.7 1.7) (drill 1) (layers *.Cu *.Mask)
      (net 31 "Net-(J1-Pad6)"))
    (model ${KISYS3DMOD}/Connector_PinHeader_2.54mm.3dshapes/PinHeader_1x06_P2.54mm_Vertical.wrl
      (at (xyz 0 0 0))
      (scale (xyz 1 1 1))
      (rotate (xyz 0 0 0))
    )
  )

